0 0.000000
1 0.000000
2 0.000000
3 0.000000
4 0.000000
5 0.000000
6 0.000000
7 0.003770
8 0.011073
9 0.018376
10 0.025678
11 0.032981
12 0.039614
13 0.044413
14 0.049212
15 0.054011
16 0.058810
17 0.063609
18 0.083871
19 0.110448
20 0.137024
21 0.163601
22 0.182749
23 0.198659
24 0.214568
25 0.230477
26 0.246387
27 0.262296
28 0.285753
29 0.310756
30 0.335759
31 0.360762
32 0.385765
33 0.410768
34 0.417617
35 0.423786
36 0.429955
37 0.436125
38 0.442294
39 0.448463
40 0.466752
41 0.498159
42 0.529567
43 0.560974
44 0.592381
45 0.623788
46 0.655196
47 0.683081
48 0.709368
49 0.735655
50 0.761941
51 0.788228
52 0.814515
53 0.840802
54 0.892832
55 0.963008
56 1.033183
57 1.103359
58 1.173535
59 1.260753
60 1.357284
61 1.453815
62 1.550346
63 1.646877
64 1.771088
65 1.937189
66 2.103289
67 2.269390
68 2.432511
69 2.590856
70 2.749201
71 2.907546
72 3.065891
73 3.264886
74 3.477214
75 3.689543
76 3.901213
77 4.099854
78 4.298495
79 4.497136
80 4.665727
81 4.833079
82 4.987665
83 5.128995
84 5.270325
85 5.403142
86 5.454180
87 5.505218
88 5.556255
89 5.610033
90 5.664997
91 5.719960
92 5.742922
93 5.691887
94 5.640852
95 5.589818
96 5.531926
97 5.473319
98 5.414712
99 5.356106
100 5.227595
101 5.049095
102 4.870595
103 4.692096
104 4.513596
105 4.311210
106 4.107615
107 3.904021
108 3.700427
109 3.489073
110 3.273153
111 3.057233
112 2.855859
113 2.702310
114 2.548762
115 2.395213
116 2.241664
117 2.088116
118 1.923544
119 1.753684
120 1.583824
121 1.413963
122 1.249302
123 1.196149
124 1.142995
125 1.089841
126 1.036525
127 0.978100
128 0.919675
129 0.861250
130 0.802825
131 0.744400
132 0.704390
133 0.669510
134 0.634630
135 0.599750
136 0.564870
137 0.529990
138 0.495110
139 0.460230
140 0.427229
141 0.394840
142 0.362450
143 0.330061
144 0.297671
145 0.320987
146 0.356971
147 0.333398
148 0.307487
149 0.281576
150 0.255665
151 0.229753
152 0.203842
153 0.177931
154 0.152020
155 0.126109
156 0.122649
157 0.128822
158 0.126982
159 0.118279
160 0.109576
161 0.100872
162 0.092169
163 0.083466
164 0.074763
165 0.066059
166 0.057356
167 0.048653
168 0.039949
169 0.031246
170 0.022543
171 0.013840
172 0.005136
173 0.000000
174 0.000000
175 0.000000
176 0.000000
177 0.000000
178 0.000000
179 0.000000
180 0.000000
181 0.000000
182 0.000000
183 0.000000
184 0.001222
185 0.003247
186 0.005271
187 0.007295
188 0.009319
189 0.011344
190 0.013368
191 0.015392
192 0.017417
193 0.019441
194 0.021465
195 0.023489
196 0.031900
197 0.059091
198 0.086282
199 0.113473
200 0.140664
201 0.167855
202 0.195046
203 0.222237
204 0.249428
205 0.251670
206 0.251670
207 0.251670
208 0.251670
209 0.251670
210 0.258847
211 0.278779
212 0.298711
213 0.318643
214 0.338575
215 0.358507
216 0.378440
217 0.398372
218 0.418856
219 0.440449
220 0.462041
221 0.483634
222 0.505227
223 0.526819
224 0.548412
225 0.570004
226 0.591597
227 0.613189
228 0.634782
229 0.756294
230 0.825112
231 0.852739
232 0.880365
233 0.907992
234 0.935619
235 1.020580
236 1.135019
237 1.249459
238 1.363899
239 1.478339
240 1.592779
241 1.716651
242 1.850522
243 1.984393
244 2.118265
245 2.252136
246 2.386007
247 2.522805
248 2.666104
249 2.809403
250 2.952702
251 3.096000
252 3.239300
253 3.382598
254 3.545622
255 3.727000
256 3.908378
257 4.089756
258 4.271134
259 4.460807
260 4.651539
261 4.842272
262 5.033961
263 5.229960
264 5.425960
265 5.621958
266 5.806784
267 5.936331
268 6.066170
269 6.238918
270 6.286668
271 6.247615
272 6.165565
273 6.083514
274 5.952545
275 5.761619
276 5.570693
277 5.379767
278 5.188842
279 4.997916
280 4.819530
281 4.650107
282 4.480685
283 4.311263
284 4.173155
285 4.058716
286 3.944278
287 3.829839
288 3.715401
289 3.600963
290 3.466931
291 3.302828
292 3.138724
293 2.974621
294 2.810518
295 2.626632
296 2.436611
297 2.246591
298 2.094193
299 1.959839
300 1.825485
301 1.691130
302 1.556776
303 1.425546
304 1.317583
305 1.209619
306 1.101656
307 1.013983
308 0.955095
309 0.896208
310 0.837320
311 0.778432
312 0.719545
313 0.660657
314 0.629005
315 0.613984
316 0.598964
317 0.583944
318 0.568923
319 0.553903
320 0.538883
321 0.519855
322 0.497126
323 0.474397
324 0.451668
325 0.428939
326 0.406210
327 0.383480
328 0.360751
329 0.338022
330 0.315293
331 0.292564
332 0.269835
333 0.253369
334 0.238595
335 0.223822
336 0.209048
337 0.194275
338 0.179501
339 0.164728
340 0.149954
341 0.135181
342 0.120407
343 0.105634
344 0.091067
345 0.080071
346 0.069074
347 0.058077
348 0.047081
349 0.036084
350 0.025087
351 0.014091
352 0.003094
353 0.003094
354 0.003094
355 0.003094
356 0.003094
357 0.003094
358 0.003094
359 0.003094
