0 0.000000
1 0.000000
2 0.000000
3 0.000000
4 0.000000
5 0.000000
6 0.000000
7 0.000000
8 0.000000
9 0.000000
10 0.000000
11 0.000000
12 0.000000
13 0.000000
14 0.000000
15 0.000000
16 0.000000
17 0.000000
18 0.000000
19 0.000000
20 0.004187
21 0.015323
22 0.026459
23 0.037596
24 0.048732
25 0.059868
26 0.071004
27 0.082140
28 0.100540
29 0.123901
30 0.147262
31 0.170623
32 0.181080
33 0.189645
34 0.198211
35 0.215910
36 0.243166
37 0.270422
38 0.297678
39 0.344176
40 0.396522
41 0.448868
42 0.478888
43 0.500304
44 0.521720
45 0.543136
46 0.624062
47 0.735408
48 0.776524
49 0.815460
50 0.854396
51 0.904926
52 0.990589
53 1.068074
54 1.116256
55 1.164439
56 1.219619
57 1.281485
58 1.343351
59 1.416309
60 1.501961
61 1.600891
62 1.701084
63 1.772462
64 1.842337
65 1.885166
66 1.927995
67 1.970824
68 2.009402
69 2.039383
70 2.069364
71 2.099345
72 2.087394
73 2.073119
74 2.058844
75 2.067990
76 2.079669
77 2.091349
78 2.102467
79 2.111032
80 2.119597
81 2.128163
82 2.129900
83 2.129900
84 2.129900
85 2.134329
86 2.145035
87 2.155741
88 2.166447
89 2.162892
90 2.133242
91 2.103593
92 2.073944
93 2.044294
94 2.042960
95 2.042960
96 2.042960
97 2.041143
98 2.033354
99 2.025565
100 2.017775
101 2.004843
102 1.987000
103 1.969157
104 1.951313
105 1.921061
106 1.875713
107 1.830364
108 1.785016
109 1.739668
110 1.694319
111 1.633394
112 1.565770
113 1.498145
114 1.430520
115 1.362896
116 1.295271
117 1.226076
118 1.152652
119 1.079228
120 1.005804
121 0.932380
122 0.866717
123 0.807828
124 0.748939
125 0.690050
126 0.631162
127 0.576314
128 0.551005
129 0.525696
130 0.500386
131 0.475077
132 0.449768
133 0.424459
134 0.399149
135 0.369611
136 0.338054
137 0.306496
138 0.274938
139 0.243381
140 0.211823
141 0.184973
142 0.172375
143 0.159777
144 0.147180
145 0.134582
146 0.121985
147 0.109115
148 0.095970
149 0.082825
150 0.069679
151 0.056534
152 0.043389
153 0.030244
154 0.017098
155 0.003953
156 0.000000
157 0.000000
158 0.000000
159 0.000000
160 0.000000
161 0.000000
162 0.000000
163 0.000000
164 0.000000
165 0.000000
166 0.000000
167 0.000000
168 0.000000
169 0.000000
170 0.000000
171 0.000000
172 0.000000
173 0.000000
174 0.000000
175 0.000000
176 0.000000
177 0.000000
178 0.000000
179 0.000000
180 0.000000
181 0.000000
182 0.000000
183 0.000000
184 0.000000
185 0.000000
186 0.000000
187 0.000000
188 0.000000
189 0.000000
190 0.000000
191 0.000960
192 0.006510
193 0.012060
194 0.017610
195 0.023160
196 0.028710
197 0.034260
198 0.039810
199 0.042260
200 0.039881
201 0.037501
202 0.035122
203 0.032743
204 0.030364
205 0.035724
206 0.059084
207 0.082444
208 0.105804
209 0.128038
210 0.149452
211 0.170867
212 0.192282
213 0.213696
214 0.235111
215 0.256525
216 0.281721
217 0.307792
218 0.333863
219 0.359934
220 0.386005
221 0.412076
222 0.438147
223 0.464805
224 0.510311
225 0.555817
226 0.601322
227 0.646828
228 0.692334
229 0.732227
230 0.768631
231 0.805035
232 0.841439
233 0.877842
234 0.914246
235 0.950650
236 1.016778
237 1.088163
238 1.159549
239 1.230934
240 1.283149
241 1.330258
242 1.377366
243 1.426216
244 1.477612
245 1.529009
246 1.580406
247 1.631802
248 1.690672
249 1.764650
250 1.838628
251 1.912606
252 1.943788
253 1.947512
254 1.951236
255 1.954960
256 1.958684
257 1.962408
258 1.966132
259 1.969856
260 1.965670
261 1.959830
262 1.953990
263 1.948150
264 1.942310
265 1.936470
266 1.930630
267 1.926209
268 1.924067
269 1.921926
270 1.919785
271 1.917643
272 1.915502
273 1.913361
274 1.906880
275 1.897702
276 1.888524
277 1.879346
278 1.870168
279 1.860990
280 1.851812
281 1.842634
282 1.833456
283 1.822187
284 1.798394
285 1.774600
286 1.750806
287 1.727013
288 1.703219
289 1.679617
290 1.659462
291 1.639307
292 1.619152
293 1.598997
294 1.578842
295 1.543278
296 1.471896
297 1.400515
298 1.329133
299 1.257752
300 1.186371
301 1.115203
302 1.044838
303 0.974473
304 0.904108
305 0.833743
306 0.772367
307 0.720973
308 0.669578
309 0.618184
310 0.566789
311 0.515608
312 0.464749
313 0.413890
314 0.363031
315 0.312173
316 0.261314
317 0.241215
318 0.221585
319 0.201954
320 0.182324
321 0.162694
322 0.143064
323 0.123434
324 0.103804
325 0.090378
326 0.077921
327 0.065465
328 0.053009
329 0.040553
330 0.028096
331 0.015640
332 0.003184
333 0.000000
334 0.000000
335 0.000000
336 0.000000
337 0.000000
338 0.000000
339 0.000000
340 0.000000
341 0.000000
342 0.000000
343 0.000000
344 0.000000
345 0.000000
346 0.000000
347 0.000000
348 0.000000
349 0.000000
350 0.000000
351 0.000000
352 0.000000
353 0.000000
354 0.000000
355 0.000000
356 0.000000
357 0.000000
358 0.000000
359 0.000000
