0 0.146290
1 0.154933
2 0.148607
3 0.110814
4 0.073021
5 0.081404
6 0.115957
7 0.092413
8 0.082810
9 0.114484
10 0.146158
11 0.177833
12 0.209507
13 0.226021
14 0.197225
15 0.168430
16 0.151282
17 0.172877
18 0.194473
19 0.216069
20 0.237664
21 0.259260
22 0.280856
23 0.302452
24 0.324047
25 0.345643
26 0.367239
27 0.388835
28 0.402180
29 0.369786
30 0.381170
31 0.402764
32 0.427096
33 0.470288
34 0.513479
35 0.546375
36 0.566310
37 0.586244
38 0.606179
39 0.627997
40 0.671192
41 0.714387
42 0.756021
43 0.795283
44 0.834546
45 0.873809
46 0.895508
47 0.909904
48 0.924300
49 0.966561
50 1.021534
51 1.076507
52 1.131480
53 1.194273
54 1.257096
55 1.319918
56 1.387743
57 1.466930
58 1.546117
59 1.625304
60 1.714189
61 1.828058
62 1.941928
63 2.055797
64 2.188700
65 2.334883
66 2.481065
67 2.627248
68 2.764200
69 2.869777
70 2.975355
71 3.080536
72 3.184201
73 3.251215
74 3.285769
75 3.320322
76 3.365221
77 3.458802
78 3.550048
79 3.629228
80 3.699291
81 3.717287
82 3.735282
83 3.753278
84 3.777322
85 3.844510
86 3.911699
87 3.988313
88 4.146674
89 4.303735
90 4.447706
91 4.591676
92 4.732934
93 4.838523
94 4.944112
95 5.042617
96 5.010225
97 4.977832
98 4.945440
99 4.910216
100 4.764935
101 4.619653
102 4.474371
103 4.340363
104 4.228781
105 4.117200
106 4.005618
107 3.906018
108 3.833276
109 3.760533
110 3.687790
111 3.615047
112 3.542304
113 3.469561
114 3.380414
115 3.290105
116 3.199796
117 3.099277
118 2.967003
119 2.834729
120 2.702456
121 2.570182
122 2.437908
123 2.299900
124 2.161073
125 2.022247
126 1.883420
127 1.750561
128 1.645279
129 1.539997
130 1.434715
131 1.329432
132 1.224150
133 1.145837
134 1.073852
135 1.001867
136 0.929881
137 0.857896
138 0.785911
139 0.748603
140 0.721608
141 0.694614
142 0.667619
143 0.640624
144 0.613629
145 0.586634
146 0.559639
147 0.530706
148 0.501012
149 0.471319
150 0.441625
151 0.411932
152 0.382957
153 0.355315
154 0.327673
155 0.300030
156 0.272388
157 0.244746
158 0.217104
159 0.189462
160 0.161820
161 0.212759
162 0.203458
163 0.155468
164 0.107477
165 0.085734
166 0.081415
167 0.077097
168 0.072778
169 0.068459
170 0.064140
171 0.059821
172 0.050595
173 0.040767
174 0.030940
175 0.021112
176 0.011285
177 0.001457
178 0.000000
179 0.000000
180 0.000000
181 0.000000
182 0.000000
183 0.000000
184 0.006028
185 0.018664
186 0.031300
187 0.043936
188 0.056571
189 0.052612
190 0.043974
191 0.035337
192 0.041383
193 0.067294
194 0.073840
195 0.073840
196 0.073840
197 0.087020
198 0.120613
199 0.154207
200 0.182434
201 0.201629
202 0.220824
203 0.221376
204 0.187782
205 0.154188
206 0.154441
207 0.222315
208 0.290189
209 0.282699
210 0.274059
211 0.265418
212 0.298496
213 0.356087
214 0.413678
215 0.440175
216 0.446820
217 0.453464
218 0.460109
219 0.477994
220 0.529817
221 0.559091
222 0.571436
223 0.594501
224 0.654968
225 0.715435
226 0.775902
227 0.767840
228 0.749331
229 0.765342
230 0.813332
231 0.861322
232 0.926832
233 1.009895
234 1.092958
235 1.176021
236 1.258548
237 1.337728
238 1.416909
239 1.496089
240 1.581705
241 1.718480
242 1.855255
243 1.992030
244 2.128981
245 2.267807
246 2.406633
247 2.545460
248 2.684286
249 2.799383
250 2.877129
251 2.954874
252 3.034352
253 3.163926
254 3.293500
255 3.423074
256 3.556350
257 3.696722
258 3.837093
259 3.941903
260 4.028294
261 4.131440
262 4.271808
263 4.412176
264 4.526849
265 4.626191
266 4.725533
267 4.836980
268 4.980952
269 5.124923
270 5.252587
271 5.331767
272 5.383474
273 5.347481
274 5.311488
275 5.275494
276 5.242561
277 5.220968
278 5.183808
279 5.084134
280 4.984459
281 4.884785
282 4.785111
283 4.753438
284 4.734925
285 4.679245
286 4.584767
287 4.490288
288 4.395809
289 4.301331
290 4.206089
291 4.105307
292 4.004526
293 3.903744
294 3.802963
295 3.702181
296 3.601399
297 3.500618
298 3.397849
299 3.268273
300 3.138697
301 3.009121
302 2.879545
303 2.749969
304 2.620393
305 2.480484
306 2.322115
307 2.163747
308 2.005379
309 1.847011
310 1.688643
311 1.558815
312 1.489709
313 1.420603
314 1.351497
315 1.282391
316 1.218244
317 1.166415
318 1.114586
319 1.062757
320 1.010928
321 0.959099
322 0.907270
323 0.869090
324 0.840922
325 0.812753
326 0.784585
327 0.756417
328 0.728248
329 0.700080
330 0.671911
331 0.652049
332 0.633538
333 0.615027
334 0.596517
335 0.578006
336 0.559495
337 0.540984
338 0.544586
339 0.548170
340 0.519930
341 0.491691
342 0.463451
343 0.435212
344 0.406973
345 0.378733
346 0.350494
347 0.322254
348 0.304146
349 0.300389
350 0.296632
351 0.292875
352 0.289119
353 0.285362
354 0.281605
355 0.277848
356 0.239916
357 0.187127
358 0.134338
359 0.134338
